12.220955 14.501879 11.235762 12.988893 12.432949  9.672868
10.055631 13.564067 12.387528 14.194248 10.230523 14.883280
12.011416 11.801776 10.857422 12.769585 12.877913 12.191227
14.400637 13.101295  9.697588 12.598446 14.669744 13.347720
9.666343 11.975549 11.258987 11.343169 12.592716 12.595488
10.521761 10.130285 13.340697 12.319422 11.921422 11.923549
13.651659 13.167367 11.665363 12.056086 12.612326 12.885751
13.685364 13.856971 12.146988 12.364146 10.302603 11.153591
9.784530 11.440074  9.610131 13.180910 11.982354 12.587590
13.029359 10.154689 13.335695 13.693765 11.199297 14.715755
14.198775 10.381113 12.008401 13.396364 11.879134  9.370118
10.556769 12.962738 10.269789 11.804204 12.149156 11.762865
11.903238 10.205228 12.621951 12.552223 11.979987 13.523686
11.522578 13.132822 13.312578 10.994646 13.524868 10.283075
10.780084 11.367182 15.556915 13.569090  9.933348 13.531510
9.769963 12.589641 10.678101 10.957990 12.114030  9.457369
13.237444 11.011844 14.828538 11.110905