57.35614 63.35099 62.69599 60.92898 62.01725 60.34799 60.49004 64.92805 59.61533 60.78156 55.77451 55.62852 64.83122 59.20840 61.73670 58.90714
59.64351 60.87058 58.51171 66.16135 67.14416 59.88591 55.02018 60.10249 62.83539 65.01068 62.69668 63.10200 66.40652 68.49891 54.87885 61.75522
65.09695 56.27988 57.50024 65.34798 63.24620 67.04394 54.95183 62.28168 60.94247 52.60037 64.81761 76.80691 69.50398 63.31329 65.09112 61.22064
61.88615 62.56298 56.66449 64.21303 68.78897 59.62184 51.66002 62.34416 61.04604 66.19254 64.31471 60.59223 65.03946 68.23904 61.22437 63.80892
62.96977 60.25523 58.39921 65.57246 67.46648 66.52180 68.83610 56.37636 60.73619 61.24213 56.83390 58.09483 61.42073 61.74100 61.53593 68.06225
62.91696 64.88121 64.46299 62.88973 64.16456 70.62994 63.45417 62.76854 61.08734 65.12263 62.29348 65.10500 65.22020 63.24021 58.61231 58.78359
64.06221 52.57529 59.75525 64.4885630.91759 30.27563 30.50230 29.39534 29.97503 28.45911 29.45786 31.36533 29.04227 28.86341 30.71808 28.21742 28.52110 30.44183 30.46080 30.78628 31.60862
28.47938 31.51258 30.34577 29.07667 30.13287 28.33313 30.07988 30.53687 30.22258 29.73654 28.06449 29.84635 28.00815 29.78946 28.57254 29.74982 27.48767
30.66067 31.13820 31.59366 29.34176 28.08460 28.42327 29.35518 29.38985 28.52259 28.95553 29.03162 28.70650 30.35005 29.92562 29.01973 30.52673 29.40428
30.43956 30.72785 28.15591 30.47483 28.29841 30.80555 29.04647 30.71082 29.71496 31.69274 29.90672 31.69152 28.46833 30.84629 30.56186 31.27422 31.15613
29.83885 29.40808 29.22423 29.72687 30.02321 31.01804 29.91515 29.57011 29.22124 30.16210 31.34485 29.29138 29.46612 29.96203 30.07944 29.15969 27.78470
30.98793 30.74142 29.67501 29.52064 31.37494 31.06584 27.86110 28.14213 27.50896 29.04563 30.40471 31.50313 29.55149 29.76091 30.10892