25.62161 30.85004 24.93063 26.02518 24.87211 22.10477
21.72389 29.98874 25.84005 30.32742 22.67426 31.81680
26.19805 25.60587 22.31550 28.35173 26.67087 25.66100
29.25990 26.99284 22.14053 27.07693 30.75009 28.21115
20.28154 26.48862 24.26549 23.84879 26.50028 27.39787
21.90163 22.24278 29.55267 25.47545 25.65284 26.65707
29.16964 28.00093 24.72309 26.14017 25.25142 26.91081
28.95006 28.57193 27.01750 25.81725 22.50013 24.95787
19.94332 23.70989 21.11818 29.22508 26.81836 27.85386
26.08376 20.62868 29.46731 29.26553 24.40003 30.59607
28.51505 23.48660 24.73207 29.07854 23.88507 20.74531
21.79120 27.15660 20.70397 23.65151 25.81716 25.68416
24.62132 23.00292 28.05434 26.77368 25.35128 28.07289
25.08780 28.27231 29.46238 22.94998 28.99154 22.59557
22.64686 23.77769 31.31091 28.77265 20.08582 27.07522
21.56407 27.58080 22.04215 22.78225 26.54297 18.93037
29.02508 24.54163 32.46110 22.29833